8
1000 1000 10
50 100 51
151 100 51
252 100 51
353 100 51
454 100 51
555 100 51
656 100 51
757 100 51
858 100 51
959 100 51
1000 1000 10
50 100 51
151 100 51
252 100 51
353 100 51
454 100 48
555 100 51
656 100 51
757 100 51
858 100 51
959 100 51
100 1000 3
20 500 40
20 500 60
80 520 30
500 1000 8
50 200 50
150 200 50
450 600 50
350 600 50
150 300 50
250 300 50
350 500 50
250 500 50
1000 1000 4
50 200 50
150 200 50
950 770 50
850 770 50
1000 1000 4
50 200 50
150 200 50
950 450 50
850 450 50
100 1000 2
15 100 20
90 100 30
100 1000 1
50 100 40
100 1000 2
25 500 25
75 500 25