100
444.00000 4.00000 463.00000
492.71394 1.47826 1944.08438
145.29745 1.34179 202.70102
498.09936 1.08520 1933.02188
195.79338 3.94983 1430.23880
104.54129 2.66185 407.3
163.0 2.0 1014.0
490.10954 1.04885 1903.73650
381.56723 3.84802 748.07155
1.05369 3.37829 1999.70521
1.00 1.2 1580.5043
493.54197 1.28935 1961.32798
431.0 1.0 411.0
498.86918 1.42615 1968.20301
492.88186 1.28991 1983.56125
303.49063 2.32782 1888.63302
439.0 4.0 1508.0
259.2630 2.9852 1051.0
495.89786 1.16588 1949.39778
1.05233 3.96864 1999.28112
495.70688 1.46436 1944.79583
484.136 2.4436 1462.2
490.99502 1.63982 1416.11424
491.59943 1.35895 1987.76486
97.0 1.0 667.0
495.61165 1.29482 1946.18086
252.00000 1.00000 301.00000
270.894 2.2090 1104.27
55.54800 1.39688 287.16910
496.81156 1.46215 1940.38568
492.95054 1.06589 1991.37631
490.36016 1.17307 1998.91315
495.65284 1.19213 1980.66953
147.39061 1.58490 323.04714
64.00000 2.00000 128.00000
52.198 3.95 1408.0
284.0 2.0 259.0
500.0 2.85575 1123.7
57.04 2.13571 1589.66719
460.0 4.0 18.0
493.53660 1.15028 1963.43367
66.00000 2.00000 132.00000
407.90395 2.53215 1667.45589
209.0 1.00000 135.0
494.80102 1.45093 1998.15561
492.03375 1.02735 1915.42755
493.19164 1.33625 1963.38368
497.93120 1.33413 1934.13328
151.0 1.03 2000.000
495.19183 1.35115 1995.48646
467.00000 1.00000 487.00000
369.0 3.0 1100.0
4.7 2.59 541.09
495.26879 1.49757 1914.45734
347.69515 3.74230 73.29527
161.36470 3.74836 1747.55610
73.00219 3.33436 30.37314
384.44683 3.19530 694.22791
497.91628 1.39699 1976.55783
469.29909 2.9 1181.0
491.87529 1.33420 1972.83108
494.20937 1.04156 1995.75285
481.0 4.0 622.0
38.58 1.0 892.0
493.04492 1.26747 1994.70889
492.90240 1.46555 1970.29108
1.18950 3.62873 3.58660
1.05329 3.14822 1999.69831
286.00000 2.00000 572.00000
494.95284 1.45808 1911.65832
492.39121 1.34139 1902.12069
357.00000 2.00000 714.00000
26.0 3.0 1078.0
426.1931 1.0 1754.02
239.17312 2.76153 910.91766
287.74417 2.00709 1308.31
230.95109 1.87067 375.84333
60.871 3.9346 1.00
494.93123 1.42471 1927.05291
135.04109 2.873 339.1
493.38427 1.17152 1947.99246
224.0 2.0 1392.0
1.03153 3.42283 1999.18192
492.10219 1.02194 1913.83177
125.84 4.0 553.3016
325.68512 1.42426 1182.62513
264.00000 3.00000 308.00000
45.0 4.0 381.0
379.07725 1.31530 1945.40418
494.60020 1.46161 1923.54620
494.19275 1.42984 1983.27946
395.0 1.0 1979.0
497.78262 1.35032 1920.48888
168.48 1.4 762.327
113.33872 1.87081 1410.52757
493.42789 1.31262 1970.58695
152.0 4.0 1532.0
128.14880 1.62519 1483.87093
121.85371 3.52673 171.10117
269.25234 3.27056 82.00717
