100
6 1212011
6 0090501
6 0000001
6 2020541
1 01
6 2211111
6 0000001
0 1
6 0816121
6 5817818
6 0000401
6 0100002
6 9999999
6 2021202
1 11
6 1111111
6 0140681
6 2011211
6 2021212
5 300591
6 0002001
6 4000201
6 3789624
6 0002001
4 21112
5 110011
2 001
0 2
6 1111221
6 0006001
6 7000001
6 2100211
5 111111
5 480001
1 01
0 1
6 4861357
2 101
6 6266538
0 3
6 0400207
4 70011
4 25824
0 1
6 2102112
6 0000601
5 222121
0 1
1 12
1 21
3 0301
6 0000001
6 0000007
6 5950079
6 1304001
1 01
6 0120221
4 11111
5 996213
6 7874643
0 1
6 0000001
6 7923401
6 5050501
2 567
1 01
6 2200111
6 3190937
4 19003
6 8000201
3 1821
2 339
6 3006002
2 401
2 601
6 0200001
6 0010001
6 0000001
6 4313001
6 1900401
4 90961
6 2601613
6 6087171
1 51
6 9000007
5 000001
6 0000009
6 0600011
2 001
5 592864
4 21111
6 2090401
6 9001001
3 9312
4 10001
1 61
4 09008
1 09
5 400001
6 0220202
